0 	0 	0
0 	0 	411
0 	0 	1622
0 	0 	3574
0 	0 	6169
0 	1 	9275
0 	2 	12738
0 	4 	16383
-2 	7 	20029
-8 	12 	23492
-17 	16 	26598
-32 	18 	29193
-54 	15 	31145
-80 	3 	32356
-109 	-21 	32767
-135 	-61 	32356
-152 	-119 	31144
-149 	-193 	29193
-117 	-279 	26598
-49 	-368 	23492
60 	-447 	20029
211 	-501 	16384
398 	-515 	12738
608 	-473 	9275
822 	-365 	6169
1015 	-185 	3574
1162 	64 	1622
1235 	370 	411
1212 	711 	0
1080 	1060 	0
834 	1386 	0
480 	1654 	0
38 	1834 	0
-465 	1903 	0
-993 	1844 	0
-1509 	1653 	0
-1970 	1334 	0
-2343 	905 	0
-2598 	390 	0
-2714 	-180 	0
-2680 	-772 	0
-2494 	-1348 	0
-2166 	-1877 	0
-1711 	-2327 	0
-1152 	-2674 	0
-517 	-2898 	0
163 	-2987 	0
855 	-2934 	0
1527 	-2740 	0
2145 	-2413 	0
2680 	-1963 	0
3106 	-1411 	0
3401 	-778 	0
3546 	-94 	0
3534 	613 	0
3359 	1310 	0
3027 	1965 	0
2549 	2545 	0
1943 	3024 	0
1236 	3376 	0
456 	3583 	0
-362 	3633 	0
-1181 	3518 	0
-1964 	3243 	0
-2674 	2814 	0
-3279 	2251 	0
-3747 	1574 	0
-4056 	813 	0
-4188 	1 	0
-4133 	-826 	0
-3893 	-1632 	0
-3472 	-2378 	0
-2888 	-3031 	0
-2164 	-3560 	0
-1331 	-3938 	0
-424 	-4146 	0
518 	-4171 	0
1451 	-4010 	0
2334 	-3666 	0
3127 	-3153 	0
3793 	-2492 	0
4298 	-1708 	0
4621 	-836 	0
4740 	86 	0
4650 	1018 	0
4350 	1917 	0
3853 	2744 	0
3176 	3461 	0
2348 	4032 	0
1405 	4433 	0
385 	4639 	0
-665 	4644 	0
-1699 	4439 	0
-2670 	4035 	0
-3536 	3447 	0
-4254 	2697 	0
-4793 	1818 	0
-5124 	847 	0
-5233 	-174 	0
-5108 	-1199 	0
-4755 	-2183 	0
-4188 	-3082 	0
-3426 	-3853 	0
-2504 	-4463 	0
-1460 	-4880 	0
-340 	-5087 	0
808 	-5068 	0
1933 	-4825 	0
2984 	-4365 	0
3914 	-3705 	0
4680 	-2875 	0
5246 	-1908 	0
5586 	-846 	0
5680 	264 	0
5524 	1374 	0
5121 	2434 	0
4486 	3397 	0
3647 	4219 	0
2637 	4861 	0
1501 	5294 	0
287 	5496 	0
-951 	5457 	0
-2159 	5176 	0
-3282 	4661 	0
-4270 	3937 	0
-5078 	3030 	0
-5669 	1981 	0
-6012 	835 	0
-6093 	-358 	0
-5906 	-1546 	0
-5453 	-2676 	0
-4757 	-3698 	0
-3842 	-4563 	0
-2751 	-5235 	0
-1528 	-5680 	0
-227 	-5877 	0
1095 	-5817 	0
2379 	-5497 	0
3568 	-4933 	0
4609 	-4144 	0
5455 	-3166 	0
6065 	-2040 	0
6412 	-815 	0
6479 	456 	0
6258 	1716 	0
5760 	2911 	0
5002 	3985 	0
4018 	4893 	0
2848 	5589 	0
1543 	6044 	0
161 	6236 	0
-1239 	6152 	0
-2595 	5796 	0
-3845 	5181 	0
-4935 	4333 	0
-5813 	3286 	0
-6442 	2087 	0
-6790 	787 	0
-6840 	-557 	0
-6588 	-1886 	0
-6043 	-3140 	0
-5227 	-4265 	0
-4174 	-5208 	0
-2930 	-5927 	0
-1548 	-6390 	0
-88 	-6573 	0
1386 	-6467 	0
2808 	-6074 	0
4116 	-5411 	0
5249 	-4503 	0
6158 	-3391 	0
6802 	-2122 	0
7148 	-751 	0
7182 	662 	0
6897 	2055 	0
6307 	3366 	0
5433 	4535 	0
4315 	5512 	0
2999 	6252 	0
1542 	6719 	0
9 	6894 	0
-1534 	6764 	0
-3019 	6334 	0
-4380 	5624 	0
-5554 	4659 	0
-6492 	3484 	0
-7146 	2147 	0
-7491 	708 	0
-7504 	-771 	0
-7188 	-2224 	0
-6553 	-3588 	0
-5623 	-4800 	0
-4442 	-5808 	0
-3056 	-6564 	0
-1528 	-7036 	0
76 	-7199 	0
1685 	-7045 	0
3229 	-6580 	0
4639 	-5821 	0
5852 	-4801 	0
6812 	-3563 	0
7479 	-2162 	0
7817 	-658 	0
7812 	883 	0
7464 	2394 	0
6782 	3807 	0
5800 	5060 	0
4554 	6095 	0
3102 	6868 	0
1505 	7339 	0
-166 	7491 	0
-1839 	7313 	0
-3438 	6810 	0
-4895 	6006 	0
-6142 	4930 	0
-7126 	3634 	0
-7798 	2169 	0
-8131 	602 	0
-8107 	-1000 	0
-7724 	-2565 	0
-7000 	-4025 	0
-5961 	-5314 	0
-4656 	-6376 	0
-3138 	-7160 	0
-1475 	-7632 	0
261 	-7772 	0
1994 	-7567 	0
3648 	-7029 	0
5147 	-6176 	0
6428 	-5049 	0
7429 	-3693 	0
8109 	-2168 	0
8435 	-540 	0
8387 	1119 	0
7973 	2737 	0
7202 	4241 	0
6112 	5565 	0
4745 	6649 	0
3165 	7445 	0
1437 	7917 	0
-361 	8040 	0
-2152 	7811 	0
-3856 	7234 	0
-5398 	6338 	0
-6707 	5156 	0
-7726 	3743 	0
-8411 	2159 	0
-8725 	472 	0
-8658 	-1243 	0
-8207 	-2910 	0
-7394 	-4456 	0
-6249 	-5812 	0
-4825 	-6917 	0
-3183 	-7723 	0
-1392 	-8190 	0
467 	-8300 	0
2313 	-8042 	0
4065 	-7430 	0
5644 	-6486 	0
6982 	-5254 	0
8018 	-3785 	0
8703 	-2142 	0
9009 	-399 	0
8916 	1369 	0
8433 	3085 	0
7573 	4670 	0
6377 	6056 	0
4896 	7182 	0
3192 	7993 	0
1341 	8457 	0
-576 	8548 	0
-2476 	8265 	0
-4274 	7614 	0
-5890 	6626 	0
-7254 	5343 	0
-8301 	3818 	0
-8989 	2119 	0
-9280 	321 	0
-9166 	-1499 	0
-8645 	-3260 	0
-7743 	-4883 	0
-6496 	-6298 	0
-4957 	-7439 	0
-3194 	-8259 	0
-1283 	-8715 	0
691 	-8791 	0
2641 	-8477 	0
4483 	-7790 	0
6134 	-6758 	0
7520 	-5422 	0
8581 	-3844 	0
9265 	-2090 	0
9546 	-237 	0
9405 	1632 	0
8850 	3436 	0
7904 	5096 	0
6604 	6536 	0
5010 	7695 	0
3188 	8516 	0
1220 	8968 	0
-809 	9023 	0
-2809 	8682 	0
-4693 	7958 	0
-6376 	6879 	0
-7785 	5495 	0
-8853 	3862 	0
-9538 	2054 	0
-9802 	149 	0
-9636 	-1768 	0
-9046 	-3615 	0
-8053 	-5308 	0
-6704 	-6774 	0
-5053 	-7944 	0
-3175 	-8771 	0
-1150 	-9211 	0
931 	-9248 	0
2980 	-8879 	0
4903 	-8115 	0
6617 	-6993 	0
8044 	-5557 	0
9122 	-3873 	0
9803 	-2013 	0
10051 	-57 	0
9860 	1908 	0
9231 	3794 	0
8196 	5520 	0
6794 	7007 	0
5090 	8191 	0
3156 	9019 	0
1076 	9450 	0
-1058 	9468 	0
-3152 	9067 	0
-5114 	8267 	0
-6856 	7098 	0
-8301 	5614 	0
-9387 	3878 	0
-10060 	1965 	0
-10295 	-40 	0
-10074 	-2049 	0
-9411 	-3975 	0
-8329 	-5731 	0
-6877 	-7240 	0
-5119 	-8436 	0
-3129 	-9262 	0
-996 	-9684 	0
1188 	-9678 	0
3327 	-9249 	0
5325 	-8408 	0
7094 	-7196 	0
8558 	-5664 	0
9646 	-3876 	0
10315 	-1913 	0
10529 	141 	0
10283 	2195 	0
9580 	4157 	0
8454 	5942 	0
6954 	7472 	0
5141 	8675 	0
3097 	9502 	0
910 	9910 	0
-1323 	9885 	0
-3504 	9422 	0
-5536 	8544 	0
-7332 	7288 	0
-8808 	5705 	0
-9903 	3868 	0
-10562 	1854 	0
-10760 	-246 	0
-10482 	-2342 	0
-9743 	-4340 	0
-8573 	-6154 	0
-7021 	-7700 	0
-5156 	-8914 	0
-3058 	-9735 	0
-820 	-10133 	0
1460 	-10083 	0
3683 	-9589 	0
5750 	-8674 	0
7568 	-7371 	0
9060 	-5742 	0
10154 	-3854 	0
10806 	-1792 	0
10982 	355 	0
10676 	2492 	0
9900 	4526 	0
8683 	6364 	0
7082 	7929 	0
5164 	9147 	0
3014 	9967 	0
725 	10348 	0
-1602 	10276 	0
-3865 	9752 	0
-5962 	8794 	0
-7804 	7449 	0
-9306 	5770 	0
-10403 	3834 	0
-11043 	1724 	0
-11199 	-468 	0
-10864 	-2645 	0
-10047 	-4711 	0
-8787 	-6576 	0
-7135 	-8154 	0
-5167 	-9380 	0
-2964 	-10193 	0
-626 	-10560 	0
1747 	-10465 	0
4047 	-9905 	0
6177 	-8911 	0
8038 	-7519 	0
9552 	-5794 	0
10647 	-3808 	0
11276 	-1651 	0
11413 	585 	0
11043 	2801 	0
10190 	4899 	0
8883 	6786 	0
7183 	8380 	0
5162 	9607 	0
2908 	10415 	0
522 	10768 	0
-1894 	10645 	0
-4233 	10055 	0
-6390 	9018 	0
-8273 	7584 	0
-9794 	5811 	0
-10888 	3778 	0
-11507 	1574 	0
-11617 	-705 	0
-11220 	-2959 	0
-10324 	-5087 	0
-8974 	-6998 	0
-7223 	-8603 	0
-5151 	-9834 	0
-2848 	-10636 	0
-413 	-10969 	0
2046 	-10823 	0
4420 	-10196 	0
6606 	-9122 	0
8505 	-7642 	0
10035 	-5822 	0
11127 	-3742 	0
11730 	-1492 	0
11820 	829 	0
11387 	3119 	0
10454 	5278 	0
9056 	7207 	0
7258 	8825 	0
5136 	10059 	0
2782 	10850 	0
300 	11168 	0
-2200 	10992 	0
-4610 	10335 	0
-6821 	9218 	0
-8737 	7694 	0
-10275 	5829 	0
-11361 	3701 	0
-11952 	1406 	0
-12014 	-956 	0
-11550 	-3281 	0
-10577 	-5468 	0
-9134 	-7418 	0
-7287 	-9047 	0
-5114 	-10279 	0
-2711 	-11064 	0
-184 	-11360 	0
2357 	-11159 	0
4801 	-10467 	0
7037 	-9309 	0
8970 	-7742 	0
10510 	-5828 	0
11594 	-3655 	0
12166 	-1316 	0
12205 	1087 	0
11709 	3447 	0
10693 	5659 	0
9206 	7629 	0
7309 	9265 	0
5087 	10499 	0
2635 	11271 	0
63 	11549 	0
-2518 	11322 	0
-4993 	10591 	0
-7255 	9396 	0
-9200 	7782 	0
-10747 	5824 	0
-11821 	3604 	0
-12378 	1221 	0
-12393 	-1221 	0
-11859 	-3613 	0
-10805 	-5853 	0
-9270 	-7839 	0
-7326 	-9485 	0
-5054 	-10715 	0
-2555 	-11476 	0
62 	-11736 	0
2681 	-11476 	0
5188 	-10714 	0
7471 	-9475 	0
9432 	-7819 	0
10978 	-5813 	0
12046 	-3549 	0
12588 	-1123 	0
12573 	1357 	0
12007 	3783 	0
10909 	6047 	0
9331 	8050 	0
7336 	9701 	0
5016 	10929 	0
2470 	11680 	0
-190 	11915 	0
-2847 	11630 	0
-5384 	10828 	0
-7690 	9551 	0
-9660 	7848 	0
-11210 	5798 	0
-12271 	3489 	0
-12790 	1021 	0
-12751 	-1497 	0
-12147 	-3954 	0
-11010 	-6243 	0
-9383 	-8259 	0
-7342 	-9917 	0
-4974 	-11143 	0
-2380 	-11878 	0
322 	-12094 	0
3016 	-11775 	0
5583 	-10940 	0
7907 	-9619 	0
9889 	-7874 	0
11441 	-5779 	0
12489 	-3424 	0
12992 	-915 	0
12921 	1640 	0
12285 	4128 	0
11103 	6438 	0
9432 	8469 	0
7343 	10133 	0
4925 	11351 	0
2287 	12075 	0
-458 	12265 	0
-3188 	11919 	0
-5781 	11045 	0
-8126 	9684 	0
-10118 	7895 	0
-11666 	5753 	0
-12707 	3356 	0
-13187 	805 	0
-13091 	-1786 	0
-12414 	-4303 	0
-11192 	-6635 	0
-9476 	-8680 	0
-7337 	-10345 	0
-4873 	-11561 	0
-2188 	-12266 	0
597 	-12436 	0
3361 	-12056 	0
5982 	-11146 	0
8346 	-9745 	0
10344 	-7909 	0
11894 	-5724 	0
12919 	-3282 	0
13382 	-691 	0
13252 	1935 	0
12540 	4480 	0
11277 	6834 	0
9512 	8889 	0
7327 	10559 	0
4814 	11765 	0
2086 	12458 	0
-740 	12600 	0
-3537 	12190 	0
-6185 	11244 	0
-8564 	9798 	0
-10573 	7921 	0
-12116 	5689 	0
-13133 	3205 	0
-13569 	574 	0
-13411 	-2086 	0
-12663 	-4659 	0
-11354 	-7031 	0
-9545 	-9100 	0
-7311 	-10769 	0
-4752 	-11970 	0
-1979 	-12643 	0
885 	-12762 	0
3717 	-12321 	0
6388 	-11334 	0
8785 	-9849 	0
10797 	-7925 	0
12340 	-5651 	0
13339 	-3123 	0
13754 	-454 	0
13567 	2240 	0
12778 	4840 	0
11429 	7232 	0
9571 	9308 	0
7291 	10979 	0
4686 	12171 	0
1869 	12826 	0
-1035 	12922 	0
-3898 	12444 	0
-6595 	11422 	0
-9004 	9892 	0
-11022 	7926 	0
-12560 	5608 	0
-13545 	3038 	0
-13938 	330 	0
-13715 	-2396 	0
-12892 	-5023 	0
-11496 	-7431 	0
-9593 	-9517 	0
-7266 	-11189 	0
-4613 	-12369 	0
-1754 	-13009 	0
1187 	-13074 	0
4082 	-12567 	0
6800 	-11503 	0
9224 	-9933 	0
11248 	-7923 	0
12777 	-5560 	0
13750 	-2949 	0
14115 	-203 	0
13863 	2556 	0
12997 	5206 	0
11559 	7632 	0
9612 	9728 	0
7235 	11395 	0
4538 	12568 	0
1636 	13185 	0
-1343 	13227 	0
-4267 	12682 	0
-7008 	11581 	0
-9446 	9970 	0
-11470 	7914 	0
-12996 	5508 	0
-13948 	2855 	0
-14292 	73 	0
-14003 	-2717 	0
-13100 	-5392 	0
-11620 	-7835 	0
-9622 	-9935 	0
-7201 	-11604 	0
-4457 	-12761 	0
-1514 	-13362 	0
1501 	-13372 	0
4455 	-12795 	0
7218 	-11656 	0
9666 	-9999 	0
11695 	-7902 	0
13209 	-5451 	0
14148 	-2759 	0
14461 	61 	0
14141 	2881 	0
13199 	5580 	0
11672 	8036 	0
9631 	10145 	0
7161 	11807 	0
4373 	12956 	0
1388 	13532 	0
-1663 	13516 	0
-4645 	12906 	0
-7427 	11724 	0
-9888 	10027 	0
-11915 	7883 	0
-13424 	5392 	0
-14341 	2657 	0
-14629 	-197 	0
-14277 	-3048 	0
-13291 	-5768 	0
-11723 	-8240 	0
-9632 	-10351 	0
-7118 	-12013 	0
-4284 	-13145 	0
-1259 	-13701 	0
1827 	-13658 	0
4837 	-13009 	0
7640 	-11790 	0
10108 	-10048 	0
12138 	-7863 	0
13634 	-5327 	0
14533 	-2553 	0
14796 	337 	0
14404 	3216 	0
13382 	5960 	0
11765 	8443 	0
9632 	10561 	0
7068 	12214 	0
4191 	13333 	0
1126 	13869 	0
-1994 	13792 	0
-5032 	13112 	0
-7851 	11849 	0
-10331 	10067 	0
-12357 	7836 	0
-13843 	5258 	0
-14725 	2446 	0
-14956 	-480 	0
-14530 	-3387 	0
-13466 	-6151 	0
-11806 	-8647 	0
-9624 	-10767 	0
-7016 	-12416 	0
-4095 	-13521 	0
-989 	-14031 	0
2164 	-13926 	0
5227 	-13208 	0
8065 	-11907 	0
10551 	-10080 	0
12577 	-7806 	0
14052 	-5186 	0
14909 	-2334 	0
15114 	625 	0
14653 	3561 	0
13546 	6344 	0
11841 	8852 	0
9613 	10974 	0
6958 	12616 	0
3994 	13704 	0
849 	14193 	0
-2337 	14056 	0
-5425 	13301 	0
-8279 	11959 	0
-10772 	10089 	0
-12795 	7772 	0
-14257 	5110 	0
-15095 	2219 	0
-15269 	-773 	0
-14771 	-3736 	0
-13622 	-6538 	0
-11872 	-9057 	0
-9597 	-11180 	0
-6896 	-12814 	0
-3889 	-13887 	0
-706 	-14350 	0
2512 	-14182 	0
5625 	-13390 	0
8494 	-12007 	0
10994 	-10094 	0
13012 	-7733 	0
14462 	-5030 	0
15276 	-2101 	0
15420 	924 	0
14885 	3913 	0
13694 	6734 	0
11898 	9262 	0
9576 	11386 	0
6831 	13012 	0
3781 	14068 	0
560 	14505 	0
-2690 	14305 	0
-5826 	13475 	0
-8710 	12051 	0
-11214 	10094 	0
-13229 	7691 	0
-14664 	4946 	0
-15455 	1979 	0
-15567 	-1078 	0
-14995 	-4093 	0
-13761 	-6931 	0
-11919 	-9467 	0
-9553 	-11592 	0
-6761 	-13208 	0
-3668 	-14246 	0
-410 	-14657 	0
2871 	-14425 	0
6030 	-13557 	0
8927 	-12090 	0
11436 	-10091 	0
13444 	-7645 	0
14864 	-4858 	0
15631 	-1855 	0
15712 	1235 	0
15100 	4274 	0
13824 	7129 	0
11938 	9674 	0
9524 	11797 	0
6687 	13403 	0
3552 	14421 	0
257 	14807 	0
-3053 	14540 	0
-6234 	13634 	0
-9145 	12127 	0
-11657 	10084 	0
-13659 	7594 	0
-15062 	4767 	0
-15805 	1727 	0
-15852 	-1394 	0
-15203 	-4457 	0
-13883 	-7328 	0
-11951 	-9880 	0
-9490 	-12001 	0
-6609 	-13596 	0
-3432 	-14595 	0
-101 	-14952 	0
3239 	-14653 	0
6441 	-13708 	0
9363 	-12159 	0
11877 	-10072 	0
13872 	-7540 	0
15259 	-4672 	0
15974 	-1595 	0
15990 	1555 	0
15301 	4642 	0
13938 	7528 	0
11960 	10087 	0
9453 	12205 	0
6526 	13788 	0
3309 	14766 	0
-58 	15097 	0
-3426 	14763 	0
-6649 	13779 	0
-9582 	12187 	0
-12098 	10057 	0
-14084 	7482 	0
-15452 	4574 	0
-16144 	1461 	0
-16125 	-1720 	0
-15396 	-4829 	0
-13989 	-7729 	0
-11965 	-10293 	0
-9411 	-12408 	0
-6440 	-13977 	0
-3182 	-14936 	0
220 	-15237 	0
3616 	-14869 	0
6858 	-13845 	0
9802 	-12211 	0
12318 	-10037 	0
14294 	-7419 	0
15645 	-4472 	0
16309 	-1324 	0
16256 	1886 	0
15487 	5017 	0
14036 	7932 	0
11965 	10500 	0
9364 	12609 	0
6350 	14167 	0
3052 	15103 	0
-385 	15375 	0
-3809 	14971 	0
-7069 	13908 	0
-10021 	12230 	0
-12538 	10014 	0
-14505 	7354 	0
-15836 	4367 	0
-16472 	1184 	0
-16383 	-2055 	0
-15574 	-5208 	0
-14077 	-8134 	0
-11961 	-10707 	0
-9315 	-12811 	0
-6256 	-14355 	0
-2918 	-15268 	0
553 	-15510 	0
4003 	-15070 	0
7280 	-13966 	0
10243 	-12247 	0
12757 	-9987 	0
14713 	-7284 	0
16024 	-4258 	0
16632 	-1040 	0
16508 	2227 	0
15656 	5399 	0
14117 	8338 	0
11953 	10914 	0
9261 	13012 	0
6158 	14540 	0
2781 	15430 	0
-723 	15642 	0
-4199 	15165 	0
-7494 	14022 	0
-10464 	12260 	0
-12976 	9956 	0
-14921 	7211 	0
-16211 	4146 	0
-16789 	894 	0
-16628 	-2400 	0
-15737 	-5593 	0
-14151 	-8543 	0
-11941 	-11121 	0
-9203 	-13212 	0
-6057 	-14725 	0
-2640 	-15591 	0
896 	-15771 	0
4397 	-15259 	0
7709 	-14074 	0
10686 	-12269 	0
13195 	-9921 	0
15127 	-7134 	0
16395 	-4030 	0
16942 	-745 	0
16746 	2576 	0
15813 	5788 	0
14182 	8749 	0
11925 	11328 	0
9141 	13412 	0
5951 	14907 	0
2496 	15748 	0
-1072 	15898 	0
-4598 	15348 	0
-7925 	14122 	0
-10908 	12273 	0
-13413 	9882 	0
-15332 	7054 	0
-16576 	3911 	0
-17095 	594 	0
-16861 	-2754 	0
-15885 	-5984 	0
-14208 	-8955 	0
-11905 	-11535 	0
-9074 	-13609 	0
-5843 	-15088 	0
-2349 	-15905 	0
1251 	-16022 	0
4800 	-15434 	0
8142 	-14167 	0
11130 	-12274 	0
13630 	-9839 	0
15535 	-6970 	0
16757 	-3790 	0
17244 	-439 	0
16972 	2934 	0
15953 	6182 	0
14231 	9162 	0
11880 	11741 	0
9005 	13807 	0
5730 	15268 	0
2199 	16058 	0
-1432 	16143 	0
-5005 	15517 	0
-8361 	14208 	0
-11352 	12271 	0
-13848 	9794 	0
-15737 	6882 	0
-16935 	3664 	0
-17390 	282 	0
-17080 	-3117 	0
-16017 	-6382 	0
-14248 	-9369 	0
-11852 	-11948 	0
-8931 	-14004 	0
-5614 	-15446 	0
-2046 	-16209 	0
1616 	-16260 	0
5211 	-15596 	0
8579 	-14244 	0
11575 	-12265 	0
14064 	-9744 	0
15937 	-6791 	0
17111 	-3536 	0
17533 	-122 	0
17184 	3301 	0
16077 	6582 	0
14264 	9577 	0
11820 	12154 	0
8853 	14199 	0
5494 	15622 	0
1889 	16358 	0
-1802 	16375 	0
-5418 	15671 	0
-8800 	14279 	0
-11798 	12255 	0
-14280 	9690 	0
-16137 	6697 	0
-17285 	3405 	0
-17674 	-40 	0
-17284 	-3487 	0
-16136 	-6784 	0
-14275 	-9786 	0
-11784 	-12361 	0
-8772 	-14394 	0
-5371 	-15796 	0
-1730 	-16505 	0
1991 	-16486 	0
5628 	-15745 	0
9022 	-14309 	0
12022 	-12241 	0
14496 	-9633 	0
16334 	-6599 	0
17455 	-3270 	0
17811 	205 	0
17383 	3675 	0
16189 	6987 	0
14282 	9995 	0
11744 	12567 	0
8687 	14588 	0
5244 	15968 	0
1567 	16649 	0
-2182 	16597 	0
-5840 	15814 	0
-9244 	14335 	0
-12245 	12224 	0
-14710 	9573 	0
-16529 	6497 	0
-17625 	3133 	0
-17946 	-373 	0
-17477 	-3865 	0
-16239 	-7192 	0
-14284 	-10205 	0
-11700 	-12772 	0
-8597 	-14779 	0
-5114 	-16140 	0
-1402 	-16790 	0
2376 	-16703 	0
6053 	-15880 	0
9467 	-14358 	0
12468 	-12203 	0
14923 	-9508 	0
16725 	-6393 	0
17792 	-2993 	0
18078 	543 	0
17568 	4057 	0
16285 	7397 	0
14284 	10415 	0
11651 	12977 	0
8505 	14971 	0
4981 	16309 	0
1234 	16930 	0
-2572 	16806 	0
-6267 	15943 	0
-9691 	14378 	0
-12691 	12177 	0
-15137 	9441 	0
-16918 	6285 	0
-17957 	2849 	0
-18207 	-715 	0
-17656 	-4251 	0
-16327 	-7604 	0
-14278 	-10625 	0
-11600 	-13182 	0
-8409 	-15162 	0
-4844 	-16476 	0
-1062 	-17066 	0
2770 	-16907 	0
6483 	-16003 	0
9915 	-14393 	0
12915 	-12150 	0
15349 	-9369 	0
17110 	-6174 	0
18119 	-2703 	0
18333 	890 	0
17740 	4447 	0
16365 	7811 	0
14270 	10836 	0
11545 	13387 	0
8309 	15351 	0
4704 	16641 	0
888 	17201 	0
-2969 	17003 	0
-6701 	16059 	0
-10141 	14406 	0
-13138 	12118 	0
-15560 	9294 	0
-17299 	6059 	0
-18279 	2554 	0
-18455 	-1067 	0
-17821 	-4644 	0
-16401 	-8020 	0
-14258 	-11047 	0
-11486 	-13591 	0
-8205 	-15539 	0
-4560 	-16805 	0
-712 	-17331 	0
3172 	-17099 	0
6920 	-16112 	0
10367 	-14415 	0
13361 	-12082 	0
15770 	-9216 	0
17488 	-5941 	0
18436 	-2402 	0
18576 	1246 	0
17899 	4843 	0
16432 	8230 	0
14242 	11258 	0
11422 	13794 	0
8098 	15725 	0
4414 	16965 	0
532 	17462 	0
-3376 	17190 	0
-7140 	16161 	0
-10594 	14420 	0
-13584 	12043 	0
-15979 	9134 	0
-17673 	5820 	0
-18593 	2248 	0
-18694 	-1427 	0
-17973 	-5043 	0
-16460 	-8441 	0
-14222 	-11470 	0
-11356 	-13997 	0
-7987 	-15909 	0
-4264 	-17126 	0
-350 	-17589 	0
3583 	-17279 	0
7362 	-16208 	0
10821 	-14422 	0
13807 	-12001 	0
16187 	-9049 	0
17859 	-5697 	0
18745 	-2090 	0
18808 	1611 	0
18044 	5245 	0
16484 	8652 	0
14198 	11681 	0
11284 	14198 	0
7873 	16095 	0
4112 	17284 	0
165 	17713 	0
-3791 	17364 	0
-7585 	16250 	0
-11049 	14421 	0
-14028 	11954 	0
-16395 	8961 	0
-18042 	5570 	0
-18896 	1930 	0
-18920 	-1797 	0
-18111 	-5449 	0
-16503 	-8864 	0
-14171 	-11893 	0
-11211 	-14401 	0
-7756 	-16277 	0
-3956 	-17440 	0
22 	-17835 	0
4002 	-17447 	0
7809 	-16289 	0
11277 	-14416 	0
14251 	-11905 	0
16601 	-8869 	0
18223 	-5440 	0
19044 	-1768 	0
19028 	1985 	0
18174 	5654 	0
16521 	9077 	0
14139 	12105 	0
11133 	14602 	0
7634 	16459 	0
3797 	17593 	0
-212 	17955 	0
-4214 	17525 	0
-8035 	16327 	0
-11505 	14407 	0
-14473 	11852 	0
-16806 	8774 	0
-18402 	5306 	0
-19190 	1602 	0
-19132 	-2175 	0
-18236 	-5860 	0
-16535 	-9291 	0
-14105 	-12316 	0
-11052 	-14802 	0
-7510 	-16639 	0
-3635 	-17745 	0
404 	-18070 	0
4428 	-17603 	0
8262 	-16360 	0
11735 	-14395 	0
14694 	-11796 	0
17010 	-8675 	0
18579 	-5170 	0
19331 	-1435 	0
19236 	2367 	0
18293 	6068 	0
16544 	9506 	0
14066 	12528 	0
10967 	15002 	0
7382 	16817 	0
3469 	17893 	0
-599 	18185 	0
-4644 	17676 	0
-8489 	16389 	0
-11964 	14380 	0
-14915 	11736 	0
-17213 	8574 	0
-18754 	5031 	0
-19473 	1264 	0
-19335 	-2561 	0
-18347 	-6278 	0
-16550 	-9721 	0
-14024 	-12740 	0
-10878 	-15200 	0
-7250 	-16993 	0
-3302 	-18042 	0
796 	-18297 	0
4862 	-17747 	0
8718 	-16416 	0
12194 	-14361 	0
15135 	-11672 	0
17414 	-8469 	0
18929 	-4889 	0
19611 	-1092 	0
19432 	2757 	0
18397 	6488 	0
16552 	9937 	0
13977 	12950 	0
10786 	15398 	0
7117 	17170 	0
3131 	18188 	0
-996 	18406 	0
-5082 	17815 	0
-8948 	16439 	0
-12423 	14338 	0
-15355 	11606 	0
-17614 	8361 	0
-19100 	4744 	0
-19747 	916 	0
-19525 	-2955 	0
-18444 	-6700 	0
-16550 	-10152 	0
-13928 	-13162 	0
-10690 	-15595 	0
-6979 	-17344 	0
-2957 	-18331 	0
1197 	-18512 	0
5303 	-17879 	0
9178 	-16458 	0
12654 	-14313 	0
15575 	-11536 	0
17813 	-8249 	0
19270 	-4596 	0
19880 	-738 	0
19615 	3155 	0
18487 	6913 	0
16546 	10370 	0
13875 	13374 	0
10591 	15791 	0
6838 	17516 	0
2781 	18472 	0
-1402 	18616 	0
-5525 	17939 	0
-9410 	16475 	0
-12884 	14284 	0
-15794 	11463 	0
-18011 	8135 	0
-19437 	4446 	0
-20010 	558 	0
-19701 	-3356 	0
-18528 	-7127 	0
-16538 	-10587 	0
-13818 	-13585 	0
-10488 	-15987 	0
-6693 	-17687 	0
-2602 	-18611 	0
1608 	-18715 	0
5750 	-17999 	0
9643 	-16489 	0
13114 	-14252 	0
16012 	-11386 	0
18207 	-8017 	0
19603 	-4292 	0
20136 	-376 	0
19787 	3560 	0
18565 	7343 	0
16525 	10805 	0
13757 	13795 	0
10381 	16181 	0
6546 	17855 	0
2420 	18748 	0
-1816 	18815 	0
-5976 	18054 	0
-9876 	16498 	0
-13345 	14216 	0
-16229 	11306 	0
-18400 	7896 	0
-19766 	4136 	0
-20263 	191 	0
-19868 	-3765 	0
-18598 	-7559 	0
-16510 	-11023 	0
-13693 	-14006 	0
-10271 	-16373 	0
-6396 	-18024 	0
-2235 	-18882 	0
2027 	-18910 	0
6203 	-18106 	0
10110 	-16505 	0
13575 	-14177 	0
16445 	-11222 	0
18595 	-7772 	0
19928 	-3977 	0
20385 	-4 	0
19946 	3972 	0
18628 	7777 	0
16490 	11242 	0
13624 	14215 	0
10158 	16566 	0
6242 	18190 	0
2048 	19014 	0
-2240 	19003 	0
-6432 	18155 	0
-10345 	16508 	0
-13805 	14133 	0
-16662 	11136 	0
-18787 	7645 	0
-20087 	3816 	0
-20505 	-185 	0
-20020 	-4180 	0
-18655 	-7995 	0
-16466 	-11460 	0
-13554 	-14425 	0
-10042 	-16757 	0
-6085 	-18354 	0
-1858 	-19144 	0
2455 	-19093 	0
6663 	-18201 	0
10580 	-16507 	0
14036 	-14089 	0
16876 	-11045 	0
18977 	-7515 	0
20244 	-3651 	0
20621 	376 	0
20092 	4390 	0
18678 	8214 	0
16440 	11679 	0
13479 	14634 	0
9922 	16947 	0
5925 	18516 	0
1665 	19271 	0
-2672 	19180 	0
-6894 	18244 	0
-10816 	16505 	0
-14266 	14039 	0
-17091 	10953 	0
-19166 	7382 	0
-20398 	3484 	0
-20736 	-570 	0
-20160 	-4602 	0
-18697 	-8434 	0
-16411 	-11899 	0
-13401 	-14843 	0
-9798 	-17136 	0
-5762 	-18676 	0
-1470 	-19397 	0
2890 	-19264 	0
7127 	-18283 	0
11053 	-16499 	0
14496 	-13986 	0
17304 	-10856 	0
19352 	-7246 	0
20551 	-3315 	0
20847 	765 	0
20225 	4815 	0
18714 	8656 	0
16377 	12119 	0
13318 	15051 	0
9672 	17323 	0
5597 	18835 	0
1272 	19520 	0
-3111 	19345 	0
-7361 	18321 	0
-11291 	16489 	0
-14726 	13930 	0
-17516 	10757 	0
-19538 	7107 	0
-20702 	3143 	0
-20955 	-963 	0
-20287 	-5029 	0
-18726 	-8878 	0
-16340 	-12338 	0
-13233 	-15259 	0
-9542 	-17510 	0
-5428 	-18992 	0
-1072 	-19640 	0
3334 	-19425 	0
7597 	-18354 	0
11528 	-16475 	0
14956 	-13871 	0
17728 	-10654 	0
19722 	-6966 	0
20849 	-2968 	0
21061 	1163 	0
20346 	5246 	0
18735 	9100 	0
16299 	12558 	0
13144 	15466 	0
9409 	17695 	0
5256 	19147 	0
870 	19758 	0
-3558 	19501 	0
-7833 	18384 	0
-11766 	16459 	0
-15185 	13808 	0
-17937 	10547 	0
-19904 	6821 	0
-20995 	2791 	0
-21164 	-1364 	0
-20401 	-5463 	0
-18741 	-9324 	0
-16255 	-12778 	0
-13052 	-15671 	0
-9272 	-17879 	0
-5082 	-19300 	0
-665 	-19874 	0
3785 	-19573 	0
8071 	-18412 	0
12005 	-16440 	0
15413 	-13742 	0
18147 	-10439 	0
20084 	-6673 	0
21139 	-2611 	0
21263 	1568 	0
20454 	5682 	0
18744 	9548 	0
16207 	12997 	0
12956 	15877 	0
9133 	18061 	0
4904 	19452 	0
458 	19986 	0
-4013 	19644 	0
-8310 	18436 	0
-12244 	16416 	0
-15643 	13673 	0
-18355 	10326 	0
-20262 	6522 	0
-21280 	2429 	0
-21361 	-1774 	0
-20503 	-5902 	0
-18742 	-9773 	0
-16156 	-13217 	0
-12857 	-16082 	0
-8989 	-18241 	0
-4724 	-19601 	0
-248 	-20098 	0
4243 	-19711 	0
8549 	-18457 	0
12483 	-16390 	0
15871 	-13601 	0
18562 	-10211 	0
20439 	-6369 	0
21418 	-2245 	0
21456 	1981 	0
20548 	6123 	0
18738 	9999 	0
16101 	13437 	0
12754 	16286 	0
8844 	18422 	0
4541 	19748 	0
36 	20206 	0
-4474 	19775 	0
-8790 	18475 	0
-12723 	16361 	0
-16098 	13525 	0
-18768 	10092 	0
-20614 	6213 	0
-21554 	2058 	0
-21546 	-2190 	0
-20592 	-6346 	0
-18730 	-10225 	0
-16042 	-13656 	0
-12648 	-16490 	0
-8694 	-18600 	0
-4355 	-19892 	0
178 	-20312 	0
4707 	-19837 	0
9032 	-18490 	0
12962 	-16327 	0
16326 	-13446 	0
18973 	-9971 	0
20786 	-6054 	0
21688 	-1869 	0
21636 	2402 	0
20631 	6570 	0
18718 	10451 	0
15981 	13876 	0
12538 	16692 	0
8542 	18776 	0
4167 	20036 	0
-395 	20415 	0
-4942 	19896 	0
-9274 	18501 	0
-13202 	16292 	0
-16552 	13364 	0
-19175 	9846 	0
-20958 	5893 	0
-21819 	1677 	0
-21721 	-2615 	0
-20667 	-6794 	0
-18704 	-10678 	0
-15916 	-14095 	0
-12425 	-16893 	0
-8386 	-18952 	0
-3976 	-20177 	0
613 	-20515 	0
5178 	-19952 	0
9518 	-18510 	0
13443 	-16252 	0
16778 	-13278 	0
19378 	-9719 	0
21127 	-5728 	0
21947 	-1484 	0
21804 	2829 	0
20700 	7020 	0
18685 	10906 	0
15846 	14313 	0
12309 	17095 	0
8228 	19125 	0
3782 	20315 	0
-834 	20613 	0
-5416 	20004 	0
-9762 	18515 	0
-13682 	16209 	0
-17004 	13190 	0
-19579 	9588 	0
-21293 	5561 	0
-22074 	1288 	0
-21883 	-3045 	0
-20730 	-7248 	0
-18663 	-11133 	0
-15774 	-14533 	0
-12190 	-17295 	0
-8066 	-19297 	0
-3585 	-20453 	0
1057 	-20709 	0
5655 	-20054 	0
10007 	-18516 	0
13923 	-16164 	0
17228 	-13098 	0
19777 	-9454 	0
21459 	-5392 	0
22197 	-1090 	0
21959 	3263 	0
20756 	7476 	0
18638 	11362 	0
15699 	14751 	0
12066 	17493 	0
7902 	19468 	0
3386 	20587 	0
-1281 	20801 	0
-5895 	20101 	0
-10253 	18516 	0
-14163 	16115 	0
-17452 	13003 	0
-19976 	9318 	0
-21622 	5220 	0
-22318 	889 	0
-22033 	-3483 	0
-20779 	-7705 	0
-18609 	-11591 	0
-15619 	-14968 	0
-11941 	-17691 	0
-7734 	-19637 	0
-3184 	-20719 	0
1508 	-20892 	0
6137 	-20145 	0
10500 	-18511 	0
14403 	-16062 	0
17675 	-12905 	0
20172 	-9178 	0
21782 	-5044 	0
22437 	-687 	0
22104 	3704 	0
20797 	7935 	0
18577 	11819 	0
15537 	15187 	0
11811 	17888 	0
7563 	19803 	0
2980 	20850 	0
-1737 	20979 	0
-6381 	20185 	0
-10747 	18504 	0
-14643 	16007 	0
-17898 	12804 	0
-20366 	9035 	0
-21942 	4867 	0
-22552 	482 	0
-22170 	-3927 	0
-20814 	-8166 	0
-18541 	-12049 	0
-15450 	-15404 	0
-11678 	-18083 	0
-7390 	-19969 	0
-2774 	-20977 	0
1968 	-21063 	0
6625 	-20223 	0
10995 	-18493 	0
14883 	-15948 	0
18119 	-12699 	0
20560 	-8890 	0
22098 	-4687 	0
22665 	-276 	0
22236 	4151 	0
20827 	8398 	0
18502 	12278 	0
15360 	15620 	0
11542 	18278 	0
7213 	20133 	0
2564 	21102 	0
-2200 	21146 	0
-6871 	20258 	0
-11243 	18478 	0
-15123 	15885 	0
-18340 	12592 	0
-20752 	8742 	0
-22252 	4505 	0
-22776 	67 	0
-22297 	-4377 	0
-20836 	-8630 	0
-18459 	-12507 	0
-15268 	-15836 	0
-11403 	-18471 	0
-7034 	-20294 	0
-2353 	-21226 	0
2435 	-21225 	0
7118 	-20289 	0
11492 	-18462 	0
15362 	-15820 	0
18559 	-12481 	0
20941 	-8590 	0
22405 	-4320 	0
22883 	144 	0
22354 	4604 	0
20843 	8864 	0
18413 	12737 	0
15171 	16052 	0
11260 	18662 	0
6852 	20454 	0
2139 	21347 	0
-2671 	21301 	0
-7366 	20318 	0
-11741 	18441 	0
-15601 	15751 	0
-18778 	12367 	0
-21131 	8436 	0
-22555 	4132 	0
-22988 	-356 	0
-22410 	-4832 	0
-20846 	-9098 	0
-18363 	-12966 	0
-15071 	-16267 	0
-11115 	-18854 	0
-6667 	-20612 	0
-1922 	-21466 	0
2909 	-21375 	0
7616 	-20344 	0
11991 	-18418 	0
15840 	-15679 	0
18996 	-12250 	0
21317 	-8279 	0
22703 	-3942 	0
23090 	571 	0
22461 	5062 	0
20845 	9333 	0
18310 	13196 	0
14969 	16481 	0
10966 	19043 	0
6479 	20769 	0
1704 	21582 	0
-3149 	21446 	0
-7866 	20367 	0
-12240 	18391 	0
-16079 	15605 	0
-19212 	12130 	0
-21502 	8120 	0
-22848 	3750 	0
-23189 	-787 	0
-22511 	-5293 	0
-20841 	-9568 	0
-18254 	-13426 	0
-14862 	-16694 	0
-10814 	-19231 	0
-6288 	-20923 	0
-1483 	-21695 	0
3391 	-21514 	0
8118 	-20386 	0
12491 	-18360 	0
16317 	-15526 	0
19428 	-12007 	0
21686 	-7958 	0
22991 	-3555 	0
23286 	1006 	0
22556 	5525 	0
20833 	9805 	0
18194 	13655 	0
14752 	16907 	0
10659 	19418 	0
6095 	21075 	0
1260 	21807 	0
-3634 	21579 	0
-8370 	20402 	0
-12742 	18328 	0
-16555 	15445 	0
-19642 	11881 	0
-21867 	7792 	0
-23131 	3358 	0
-23379 	-1226 	0
-22598 	-5759 	0
-20823 	-10042 	0
-18130 	-13885 	0
-14639 	-17120 	0
-10501 	-19603 	0
-5899 	-21226 	0
-1034 	-21916 	0
3879 	-21642 	0
8624 	-20416 	0
12992 	-18291 	0
16792 	-15360 	0
19855 	-11752 	0
22047 	-7624 	0
23270 	-3159 	0
23470 	1448 	0
22638 	5994 	0
20809 	10279 	0
18063 	14114 	0
14522 	17331 	0
10340 	19787 	0
5700 	21374 	0
807 	22022 	0
-4125 	21702 	0
-8878 	20426 	0
-13243 	18251 	0
-17029 	15273 	0
-20067 	11620 	0
-22225 	7454 	0
-23405 	2958 	0
-23558 	-1672 	0
-22673 	-6230 	0
-20791 	-10516 	0
-17993 	-14343 	0
-14402 	-17541 	0
-10175 	-19970 	0
-5498 	-21521 	0
-577 	-22126 	0
4373 	-21759 	0
9133 	-20433 	0
13495 	-18209 	0
17265 	-15181 	0
20278 	-11485 	0
22400 	-7281 	0
23539 	-2754 	0
23643 	1897 	0
22706 	6467 	0
20770 	10755 	0
17919 	14572 	0
14279 	17751 	0
10008 	20151 	0
5294 	21665 	0
345 	22228 	0
-4622 	21812 	0
-9389 	20437 	0
-13746 	18162 	0
-17500 	15087 	0
-20487 	11347 	0
-22574 	7105 	0
-23670 	2548 	0
-23724 	-2124 	0
-22736 	-6705 	0
-20746 	-10993 	0
-17842 	-14801 	0
-14153 	-17960 	0
-9838 	-20330 	0
-5088 	-21807 	0
-111 	-22326 	0
4873 	-21863 	0
9646 	-20438 	0
13997 	-18113 	0
17736 	-14990 	0
20695 	-11206 	0
22747 	-6926 	0
23798 	-2339 	0
23803 	2353 	0
22762 	6944 	0
20718 	11232 	0
17762 	15030 	0
14023 	18167 	0
9664 	20508 	0
4878 	21947 	0
-125 	22422 	0
-5126 	21911 	0
-9904 	20436 	0
-14249 	18061 	0
-17970 	14890 	0
-20902 	11062 	0
-22916 	6745 	0
-23924 	2129 	0
-23880 	-2583 	0
-22785 	-7184 	0
-20687 	-11472 	0
-17678 	-15258 	0
-13890 	-18374 	0
-9488 	-20684 	0
-4666 	-22085 	0
363 	-22516 	0
5379 	-21956 	0
10162 	-20430 	0
14500 	-18005 	0
18203 	-14786 	0
21107 	-10915 	0
23084 	-6561 	0
24047 	-1917 	0
23953 	2815 	0
22805 	7425 	0
20653 	11712 	0
17591 	15485 	0
13753 	18580 	0
9309 	20859 	0
4452 	22221 	0
-603 	22607 	0
-5634 	21998 	0
-10421 	20422 	0
-14751 	17946 	0
-18436 	14679 	0
-21311 	10765 	0
-23250 	6375 	0
-24168 	1702 	0
-24023 	-3048 	0
-22821 	-7667 	0
-20614 	-11952 	0
-17500 	-15713 	0
-13614 	-18784 	0
-9127 	-21032 	0
-4235 	-22355 	0
845 	-22695 	0
5891 	-22037 	0
10680 	-20410 	0
15003 	-17884 	0
18668 	-14570 	0
21513 	-10612 	0
23414 	-6186 	0
24286 	-1485 	0
24090 	3283 	0
22834 	7910 	0
20573 	12192 	0
17406 	15939 	0
13471 	18988 	0
8941 	21203 	0
4016 	22486 	0
-1089 	22781 	0
-6148 	22074 	0
-10941 	20395 	0
-15254 	17819 	0
-18899 	14457 	0
-21714 	10457 	0
-23576 	5995 	0
-24401 	1267 	0
-24154 	-3520 	0
-22844 	-8154 	0
-20528 	-12432 	0
-17308 	-16166 	0
-13325 	-19190 	0
-8754 	-21372 	0
-3794 	-22615 	0
1334 	-22864 	0
6407 	-22107 	0
11201 	-20377 	0
15505 	-17750 	0
19129 	-14341 	0
21913 	-10298 	0
23735 	-5801 	0
24514 	-1046 	0
24215 	3758 	0
22851 	8399 	0
20480 	12673 	0
17207 	16392 	0
13176 	19391 	0
8563 	21540 	0
3570 	22742 	0
-1582 	22944 	0
-6667 	22137 	0
-11462 	20356 	0
-15755 	17678 	0
-19358 	14222 	0
-22111 	10137 	0
-23893 	5605 	0
-24624 	823 	0
-24273 	-3997 	0
-22854 	-8644 	0
-20428 	-12913 	0
-17103 	-16617 	0
-13024 	-19591 	0
-8369 	-21706 	0
-3344 	-22866 	0
1831 	-23022 	0
6928 	-22165 	0
11724 	-20332 	0
16006 	-17604 	0
19586 	-14100 	0
22307 	-9973 	0
24048 	-5406 	0
24731 	-599 	0
24328 	4238 	0
22854 	8890 	0
20373 	13154 	0
16995 	16841 	0
12868 	19790 	0
8173 	21870 	0
3115 	22989 	0
-2082 	23097 	0
-7191 	22189 	0
-11986 	20304 	0
-16256 	17525 	0
-19813 	13974 	0
-22501 	9807 	0
-24200 	5205 	0
-24836 	372 	0
-24379 	-4479 	0
-22850 	-9137 	0
-20315 	-13395 	0
-16885 	-17065 	0
-12710 	-19988 	0
-7973 	-22032 	0
-2884 	-23108 	0
2335 	-23169 	0
7454 	-22210 	0
12248 	-20273 	0
16506 	-17444 	0
20039 	-13846 	0
22693 	-9637 	0
24351 	-5002 	0
24938 	-144 	0
24428 	4723 	0
22843 	9384 	0
20253 	13635 	0
16770 	17289 	0
12548 	20184 	0
7772 	22192 	0
2651 	23226 	0
-2589 	23238 	0
-7718 	22228 	0
-12510 	20239 	0
-16755 	17360 	0
-20264 	13715 	0
-22884 	9465 	0
-24499 	4796 	0
-25037 	-86 	0
-24473 	-4967 	0
-22833 	-9632 	0
-20188 	-13876 	0
-16653 	-17511 	0
-12383 	-20378 	0
-7567 	-22351 	0
-2415 	-23341 	0
2845 	-23304 	0
7984 	-22243 	0
12773 	-20202 	0
17004 	-17272 	0
20488 	-13581 	0
23073 	-9290 	0
24645 	-4588 	0
25133 	318 	0
24515 	5213 	0
22819 	9881 	0
20119 	14116 	0
16532 	17733 	0
12215 	20572 	0
7360 	22507 	0
2177 	23453 	0
-3103 	23368 	0
-8250 	22255 	0
-13036 	20162 	0
-17252 	17181 	0
-20711 	13443 	0
-23260 	9112 	0
-24788 	4378 	0
-25226 	-552 	0
-24554 	-5460 	0
-22802 	-10130 	0
-20047 	-14357 	0
-16407 	-17954 	0
-12044 	-20764 	0
-7149 	-22661 	0
-1938 	-23563 	0
3362 	-23429 	0
8517 	-22264 	0
13300 	-20119 	0
17500 	-17087 	0
20932 	-13303 	0
23446 	-8932 	0
24929 	-4165 	0
25316 	787 	0
24590 	5708 	0
22782 	10379 	0
19971 	14597 	0
16280 	18174 	0
11870 	20954 	0
6937 	22814 	0
1695 	23671 	0
-3623 	23487 	0
-8785 	22269 	0
-13563 	20072 	0
-17747 	16990 	0
-21152 	13160 	0
-23629 	8749 	0
-25067 	3950 	0
-25404 	-1025 	0
-24623 	-5957 	0
-22758 	-10629 	0
-19892 	-14837 	0
-16149 	-18393 	0
-11694 	-21143 	0
-6722 	-22964 	0
-1451 	-23775 	0
3885 	-23542 	0
9054 	-22272 	0
13827 	-20022 	0
17994 	-16890 	0
21371 	-13014 	0
23810 	-8563 	0
25203 	-3733 	0
25488 	1263 	0
24652 	6207 	0
22731 	10880 	0
19810 	15076 	0
16015 	18612 	0
11514 	21330 	0
6504 	23112 	0
1205 	23878 	0
-4149 	23594 	0
-9323 	22271 	0
-14090 	19969 	0
-18240 	16787 	0
-21589 	12865 	0
-23990 	8375 	0
-25337 	3514 	0
-25570 	-1504 	0
-24678 	-6458 	0
-22701 	-11130 	0
-19724 	-15316 	0
-15877 	-18829 	0
-11331 	-21516 	0
-6283 	-23258 	0
-957 	-23978 	0
4414 	-23643 	0
9594 	-22268 	0
14354 	-19913 	0
18485 	-16680 	0
21805 	-12713 	0
24167 	-8184 	0
25468 	-3293 	0
25649 	1746 	0
24701 	6710 	0
22667 	11382 	0
19634 	15555 	0
15737 	19045 	0
11145 	21700 	0
6060 	23402 	0
707 	24075 	0
-4681 	23689 	0
-9865 	22261 	0
-14617 	19853 	0
-18729 	16571 	0
-22020 	12558 	0
-24343 	7990 	0
-25596 	3069 	0
-25724 	-1990 	0
-24721 	-6963 	0
-22630 	-11633 	0
-19542 	-15793 	0
-15593 	-19261 	0
-10956 	-21883 	0
-5835 	-23544 	0
-455 	-24169 	0
4948 	-23733 	0
10136 	-22251 	0
14881 	-19791 	0
18973 	-16458 	0
22233 	-12400 	0
24516 	-7794 	0
25722 	-2843 	0
25797 	2235 	0
24737 	7217 	0
22589 	11885 	0
19446 	16031 	0
15446 	19475 	0
10764 	22064 	0
5607 	23683 	0
200 	24261 	0
-5217 	23773 	0
-10409 	22238 	0
-15144 	19724 	0
-19216 	16342 	0
-22444 	12239 	0
-24688 	7596 	0
-25845 	2616 	0
-25866 	-2481 	0
-24751 	-7472 	0
-22545 	-12136 	0
-19347 	-16269 	0
-15295 	-19688 	0
-10570 	-22243 	0
-5376 	-23820 	0
56 	-24351 	0
5488 	-23810 	0
10681 	-22222 	0
15408 	-19656 	0
19458 	-16223 	0
22655 	-12075 	0
24857 	-7395 	0
25965 	-2386 	0
25934 	2730 	0
24760 	7728 	0
22497 	12389 	0
19243 	16506 	0
15142 	19900 	0
10372 	22421 	0
5144 	23955 	0
-313 	24438 	0
-5759 	23844 	0
-10955 	22203 	0
-15670 	19583 	0
-19699 	16101 	0
-22864 	11909 	0
-25023 	7191 	0
-26084 	2155 	0
-25997 	-2979 	0
-24766 	-7984 	0
-22446 	-12641 	0
-19137 	-16743 	0
-14985 	-20111 	0
-10172 	-22596 	0
-4909 	-24088 	0
573 	-24521 	0
6032 	-23876 	0
11228 	-22180 	0
15933 	-19508 	0
19940 	-15976 	0
23070 	-11740 	0
25188 	-6985 	0
26199 	-1921 	0
26057 	3230 	0
24770 	8242 	0
22392 	12893 	0
19028 	16979 	0
14825 	20320 	0
9968 	22770 	0
4671 	24219 	0
-835 	24602 	0
-6306 	23905 	0
-11503 	22154 	0
-16196 	19429 	0
-20178 	15848 	0
-23276 	11568 	0
-25351 	6777 	0
-26311 	1686 	0
-26115 	-3482 	0
-24769 	-8499 	0
-22334 	-13145 	0
-18915 	-17215 	0
-14662 	-20529 	0
-9763 	-22942 	0
-4431 	-24346 	0
1098 	-24681 	0
6581 	-23929 	0
11777 	-22125 	0
16458 	-19348 	0
20417 	-15717 	0
23480 	-11393 	0
25510 	-6566 	0
26421 	-1448 	0
26169 	3736 	0
24766 	8758 	0
22273 	13398 	0
18799 	17449 	0
14496 	20736 	0
9554 	23112 	0
4189 	24472 	0
-1363 	24757 	0
-6857 	23952 	0
-12052 	22094 	0
-16720 	19262 	0
-20654 	15583 	0
-23681 	11215 	0
-25668 	6353 	0
-26528 	1209 	0
-26220 	-3991 	0
-24759 	-9018 	0
-22208 	-13650 	0
-18679 	-17684 	0
-14327 	-20941 	0
-9342 	-23280 	0
-3945 	-24595 	0
1629 	-24829 	0
7134 	-23971 	0
12327 	-22058 	0
16981 	-19174 	0
20890 	-15445 	0
23881 	-11035 	0
25824 	-6138 	0
26631 	-968 	0
26268 	4247 	0
24748 	9277 	0
22140 	13902 	0
18556 	17917 	0
14154 	21146 	0
9128 	23446 	0
3698 	24716 	0
-1897 	24899 	0
-7412 	23988 	0
-12603 	22020 	0
-17242 	19083 	0
-21124 	15305 	0
-24080 	10852 	0
-25977 	5920 	0
-26732 	725 	0
-26313 	-4504 	0
-24735 	-9538 	0
-22069 	-14154 	0
-18430 	-18150 	0
-13979 	-21349 	0
-8911 	-23610 	0
-3449 	-24834 	0
2167 	-24967 	0
7691 	-24000 	0
12879 	-21978 	0
17502 	-18988 	0
21358 	-15161 	0
24277 	-10666 	0
26128 	-5700 	0
26831 	-480 	0
26354 	4763 	0
24718 	9799 	0
21993 	14406 	0
18300 	18381 	0
13801 	21551 	0
8691 	23772 	0
3198 	24950 	0
-2439 	25031 	0
-7971 	24011 	0
-13155 	21933 	0
-17762 	18890 	0
-21591 	15015 	0
-24471 	10478 	0
-26276 	5477 	0
-26927 	234 	0
-26393 	-5023 	0
-24697 	-10060 	0
-21915 	-14658 	0
-18167 	-18613 	0
-13619 	-21751 	0
-8469 	-23932 	0
-2945 	-25064 	0
2712 	-25092 	0
8251 	-24017 	0
13431 	-21885 	0
18022 	-18790 	0
21822 	-14866 	0
24663 	-10286 	0
26422 	-5253 	0
27019 	14 	0
26427 	5283 	0
24674 	10322 	0
21833 	14909 	0
18031 	18843 	0
13434 	21948 	0
8244 	24091 	0
2689 	25175 	0
-2986 	25150 	0
-8533 	24021 	0
-13707 	21834 	0
-18280 	18685 	0
-22052 	14714 	0
-24855 	10093 	0
-26566 	5026 	0
-27108 	-264 	0
-26460 	-5545 	0
-24646 	-10585 	0
-21747 	-15160 	0
-17892 	-19072 	0
-13247 	-22146 	0
-8017 	-24247 	0
-2432 	-25282 	0
3262 	-25207 	0
8815 	-24022 	0
13983 	-21779 	0
18539 	-18578 	0
22280 	-14558 	0
25044 	-9896 	0
26706 	-4797 	0
27195 	516 	0
26488 	5808 	0
24615 	10847 	0
21659 	15412 	0
17749 	19300 	0
13056 	22341 	0
7787 	24400 	0
2173 	25388 	0
-3539 	25259 	0
-9098 	24018 	0
-14260 	21722 	0
-18796 	18468 	0
-22507 	14400 	0
-25230 	9697 	0
-26845 	4566 	0
-27279 	-769 	0
-26513 	-6072 	0
-24581 	-11110 	0
-21567 	-15662 	0
-17602 	-19527 	0
-12863 	-22535 	0
-7554 	-24553 	0
-1911 	-25491 	0
3818 	-25308 	0
9382 	-24013 	0
14536 	-21661 	0
19052 	-18354 	0
22733 	-14239 	0
25415 	-9496 	0
26981 	-4332 	0
27359 	1023 	0
26536 	6337 	0
24544 	11374 	0
21471 	15912 	0
17454 	19754 	0
12666 	22727 	0
7319 	24702 	0
1648 	25591 	0
-4098 	25356 	0
-9667 	24005 	0
-14812 	21596 	0
-19308 	18238 	0
-22957 	14075 	0
-25598 	9291 	0
-27113 	4097 	0
-27437 	-1280 	0
-26554 	-6603 	0
-24502 	-11637 	0
-21373 	-16162 	0
-17301 	-19979 	0
-12466 	-22917 	0
-7082 	-24850 	0
-1383 	-25689 	0
4380 	-25400 	0
9951 	-23992 	0
15088 	-21529 	0
19563 	-18118 	0
23179 	-13908 	0
25778 	-9085 	0
27244 	-3860 	0
27512 	1537 	0
26569 	6869 	0
24458 	11901 	0
21270 	16412 	0
17145 	20202 	0
12264 	23106 	0
6841 	24995 	0
1115 	25785 	0
-4662 	25440 	0
-10237 	23977 	0
-15364 	21459 	0
-19817 	17994 	0
-23401 	13738 	0
-25957 	8876 	0
-27372 	3620 	0
-27583 	-1797 	0
-26582 	-7137 	0
-24411 	-12165 	0
-21164 	-16660 	0
-16986 	-20425 	0
-12059 	-23293 	0
-6599 	-25137 	0
-846 	-25876 	0
4946 	-25478 	0
10523 	-23959 	0
15639 	-21384 	0
20071 	-17869 	0
23621 	-13566 	0
26132 	-8664 	0
27497 	-3379 	0
27652 	2057 	0
26591 	7405 	0
24358 	12429 	0
21055 	16909 	0
16824 	20647 	0
11850 	23477 	0
6354 	25278 	0
575 	25966 	0
-5231 	25513 	0
-10809 	23936 	0
-15915 	21308 	0
-20323 	17740 	0
-23838 	13390 	0
-26307 	8450 	0
-27619 	3135 	0
-27717 	-2319 	0
-26595 	-7674 	0
-24304 	-12694 	0
-20943 	-17157 	0
-16658 	-20867 	0
-11640 	-23662 	0
-6106 	-25416 	0
-302 	-26053 	0
5517 	-25544 	0
11097 	-23912 	0
16191 	-21227 	0
20574 	-17607 	0
24055 	-13212 	0
26479 	-8233 	0
27738 	-2890 	0
27780 	2583 	0
26598 	7944 	0
24246 	12958 	0
20826 	17403 	0
16490 	21087 	0
11426 	23843 	0
5857 	25551 	0
28 	26137 	0
-5805 	25573 	0
-11384 	23884 	0
-16465 	21143 	0
-20825 	17472 	0
-24269 	13031 	0
-26647 	8014 	0
-27856 	2642 	0
-27839 	-2847 	0
-26597 	-8214 	0
-24184 	-13222 	0
-20707 	-17651 	0
-16318 	-21304 	0
-11209 	-24022 	0
-5605 	-25685 	0
248 	-26219 	0
6093 	-25599 	0
11672 	-23852 	0
16740 	-21057 	0
21074 	-17334 	0
24481 	-12846 	0
26815 	-7792 	0
27970 	-2393 	0
27894 	3114 	0
26591 	8485 	0
24119 	13487 	0
20585 	17896 	0
16143 	21520 	0
10990 	24200 	0
5350 	25816 	0
-526 	26296 	0
-6382 	25622 	0
-11960 	23819 	0
-17014 	20967 	0
-21321 	17192 	0
-24693 	12660 	0
-26980 	7568 	0
-28080 	2142 	0
-27947 	-3381 	0
-26584 	-8757 	0
-24051 	-13751 	0
-20458 	-18141 	0
-15965 	-21736 	0
-10767 	-24376 	0
-5094 	-25944 	0
806 	-26373 	0
6673 	-25641 	0
12249 	-23781 	0
17287 	-20873 	0
21569 	-17048 	0
24903 	-12470 	0
27142 	-7342 	0
28189 	-1889 	0
27997 	3650 	0
26572 	9030 	0
23978 	14015 	0
20329 	18386 	0
15784 	21950 	0
10542 	24549 	0
4835 	26071 	0
-1087 	26445 	0
-6964 	25656 	0
-12537 	23740 	0
-17561 	20778 	0
-21815 	16900 	0
-25109 	12278 	0
-27302 	7114 	0
-28295 	1634 	0
-28042 	-3919 	0
-26557 	-9303 	0
-23903 	-14279 	0
-20196 	-18629 	0
-15599 	-22161 	0
-10315 	-24721 	0
-4574 	-26194 	0
1370 	-26514 	0
7256 	-25670 	0
12826 	-23696 	0
17834 	-20678 	0
22058 	-16749 	0
25316 	-12083 	0
27460 	-6883 	0
28396 	-1378 	0
28086 	4190 	0
26539 	9576 	0
23824 	14543 	0
20059 	18871 	0
15412 	22373 	0
10084 	24891 	0
4311 	26314 	0
-1655 	26582 	0
-7550 	25680 	0
-13115 	23648 	0
-18105 	20575 	0
-22302 	16596 	0
-25519 	11885 	0
-27614 	6649 	0
-28497 	1119 	0
-28126 	-4462 	0
-26516 	-9850 	0
-23742 	-14806 	0
-19921 	-19114 	0
-15222 	-22582 	0
-9851 	-25058 	0
-4046 	-26433 	0
1941 	-26646 	0
7843 	-25686 	0
13404 	-23598 	0
18377 	-20470 	0
22544 	-16440 	0
25720 	-11685 	0
27768 	-6414 	0
28594 	-859 	0
28161 	4735 	0
26492 	10124 	0
23656 	15070 	0
19778 	19355 	0
15028 	22789 	0
9616 	25224 	0
3778 	26549 	0
-2228 	26707 	0
-8138 	25691 	0
-13693 	23544 	0
-18648 	20360 	0
-22784 	16279 	0
-25921 	11482 	0
-27918 	6177 	0
-28686 	598 	0
-28195 	-5010 	0
-26463 	-10399 	0
-23565 	-15332 	0
-19632 	-19595 	0
-14831 	-22994 	0
-9378 	-25387 	0
-3509 	-26663 	0
2517 	-26766 	0
8434 	-25691 	0
13983 	-23487 	0
18918 	-20248 	0
23022 	-16116 	0
26118 	-11276 	0
28065 	-5937 	0
28778 	-335 	0
28225 	5285 	0
26431 	10674 	0
23473 	15596 	0
19481 	19832 	0
14632 	23200 	0
9137 	25548 	0
3237 	26773 	0
-2807 	26821 	0
-8731 	25689 	0
-14272 	23426 	0
-19186 	20131 	0
-23262 	15952 	0
-26314 	11068 	0
-28210 	5695 	0
-28866 	70 	0
-28252 	-5561 	0
-26395 	-10950 	0
-23375 	-15857 	0
-19329 	-20071 	0
-14430 	-23403 	0
-8893 	-25707 	0
-2963 	-26881 	0
3099 	-26873 	0
9028 	-25683 	0
14560 	-23361 	0
19456 	-20014 	0
23498 	-15783 	0
26507 	-10857 	0
28352 	-5451 	0
28950 	197 	0
28275 	5838 	0
26354 	11224 	0
23277 	16120 	0
19173 	20308 	0
14224 	23604 	0
8647 	25864 	0
2688 	26986 	0
-3392 	26922 	0
-9324 	25672 	0
-14850 	23296 	0
-19724 	19892 	0
-23733 	15612 	0
-26699 	10643 	0
-28491 	5205 	0
-29030 	-465 	0
-28295 	-6116 	0
-26314 	-11501 	0
-23174 	-16382 	0
-19014 	-20544 	0
-14015 	-23804 	0
-8399 	-26018 	0
-2410 	-27087 	0
3686 	-26968 	0
9623 	-25662 	0
15139 	-23226 	0
19991 	-19767 	0
23966 	-15437 	0
26888 	-10427 	0
28626 	-4956 	0
29110 	734 	0
28312 	6395 	0
26268 	11777 	0
23067 	16643 	0
18851 	20778 	0
13804 	24002 	0
8147 	26168 	0
2131 	27189 	0
-3982 	27012 	0
-9922 	25646 	0
-15428 	23152 	0
-20257 	19639 	0
-24198 	15260 	0
-27073 	10208 	0
-28762 	4706 	0
-29185 	-1005 	0
-28325 	-6675 	0
-26218 	-12053 	0
-22957 	-16903 	0
-18685 	-21012 	0
-13589 	-24196 	0
-7894 	-26320 	0
-1850 	-27286 	0
4279 	-27052 	0
10221 	-25627 	0
15717 	-23075 	0
20523 	-19507 	0
24426 	-15079 	0
27260 	-9988 	0
28894 	-4454 	0
29258 	1278 	0
28335 	6956 	0
26165 	12330 	0
22843 	17163 	0
18514 	21242 	0
13372 	24391 	0
7638 	26467 	0
1566 	27380 	0
-4577 	27089 	0
-10521 	25605 	0
-16005 	22995 	0
-20785 	19371 	0
-24656 	14897 	0
-27442 	9764 	0
-29022 	4199 	0
-29327 	-1552 	0
-28341 	-7237 	0
-26108 	-12606 	0
-22725 	-17421 	0
-18344 	-21475 	0
-13152 	-24584 	0
-7380 	-26613 	0
-1281 	-27471 	0
4876 	-27122 	0
10820 	-25578 	0
16293 	-22912 	0
21050 	-19235 	0
24883 	-14711 	0
27622 	-9538 	0
29148 	-3943 	0
29392 	1827 	0
28342 	7519 	0
26048 	12882 	0
22606 	17681 	0
18168 	21704 	0
12929 	24774 	0
7119 	26755 	0
995 	27560 	0
-5176 	27151 	0
-11122 	25552 	0
-16580 	22826 	0
-21312 	19095 	0
-25108 	14522 	0
-27800 	9309 	0
-29271 	3685 	0
-29453 	-2104 	0
-28343 	-7802 	0
-25985 	-13159 	0
-22482 	-17939 	0
-17989 	-21933 	0
-12703 	-24962 	0
-6856 	-26895 	0
-706 	-27644 	0
5478 	-27181 	0
11423 	-25520 	0
16868 	-22736 	0
21573 	-18951 	0
25331 	-14330 	0
27976 	-9078 	0
29389 	-3424 	0
29514 	2382 	0
28339 	8085 	0
25917 	13436 	0
22355 	18197 	0
17807 	22159 	0
12474 	25149 	0
6591 	27031 	0
416 	27729 	0
-5780 	27205 	0
-11724 	25485 	0
-17155 	22643 	0
-21833 	18804 	0
-25552 	14136 	0
-28147 	8844 	0
-29508 	3163 	0
-29571 	-2661 	0
-28332 	-8369 	0
-25847 	-13712 	0
-22224 	-18454 	0
-17622 	-22385 	0
-12242 	-25331 	0
-6324 	-27168 	0
-124 	-27809 	0
6083 	-27227 	0
12026 	-25447 	0
17441 	-22546 	0
22091 	-18653 	0
25770 	-13938 	0
28319 	-8609 	0
29623 	-2899 	0
29624 	2941 	0
28321 	8654 	0
25773 	13988 	0
22088 	18708 	0
17434 	22609 	0
12009 	25516 	0
6054 	27301 	0
-170 	27886 	0
-6388 	27245 	0
-12328 	25405 	0
-17726 	22445 	0
-22349 	18501 	0
-25989 	13739 	0
-28488 	8371 	0
-29734 	2633 	0
-29673 	-3223 	0
-28307 	-8939 	0
-25693 	-14263 	0
-21952 	-18964 	0
-17242 	-22831 	0
-11772 	-25696 	0
-5782 	-27431 	0
465 	-27960 	0
6693 	-27260 	0
12628 	-25358 	0
18012 	-22344 	0
22605 	-18344 	0
26205 	-13536 	0
28653 	-8131 	0
29843 	-2365 	0
29719 	3506 	0
28287 	9224 	0
25614 	14540 	0
21811 	19218 	0
17047 	23052 	0
11532 	25874 	0
5507 	27559 	0
-762 	28032 	0
-6999 	27270 	0
-12931 	25312 	0
-18297 	22238 	0
-22860 	18185 	0
-26419 	13330 	0
-28817 	7888 	0
-29948 	2096 	0
-29760 	-3789 	0
-28268 	-9511 	0
-25529 	-14816 	0
-21667 	-19471 	0
-16849 	-23272 	0
-11290 	-26050 	0
-5231 	-27684 	0
1060 	-28098 	0
7306 	-27280 	0
13234 	-25261 	0
18581 	-22129 	0
23113 	-18023 	0
26630 	-13122 	0
28977 	-7643 	0
30048 	-1825 	0
29802 	4075 	0
28243 	9798 	0
25441 	15092 	0
21519 	19724 	0
16649 	23490 	0
11044 	26224 	0
4952 	27804 	0
-1359 	28165 	0
-7614 	27286 	0
-13536 	25206 	0
-18865 	22016 	0
-23365 	17857 	0
-26838 	12910 	0
-29135 	7396 	0
-30150 	1553 	0
-29839 	-4361 	0
-28215 	-10085 	0
-25349 	-15367 	0
-21368 	-19975 	0
-16444 	-23704 	0
-10797 	-26396 	0
-4672 	-27926 	0
1661 	-28227 	0
7923 	-27288 	0
13838 	-25148 	0
19147 	-21900 	0
23614 	-17688 	0
27048 	-12698 	0
29291 	-7146 	0
30246 	-1278 	0
29872 	4648 	0
28183 	10372 	0
25254 	15642 	0
21212 	20224 	0
16238 	23921 	0
10547 	26565 	0
4389 	28043 	0
-1964 	28287 	0
-8232 	27287 	0
-14141 	25086 	0
-19428 	21780 	0
-23865 	17517 	0
-27253 	12481 	0
-29443 	6894 	0
-30339 	1002 	0
-29901 	-4936 	0
-28147 	-10660 	0
-25153 	-15915 	0
-21055 	-20474 	0
-16028 	-24134 	0
-10293 	-26733 	0
-4104 	-28157 	0
2268 	-28343 	0
8542 	-27282 	0
14442 	-25020 	0
19710 	-21659 	0
24113 	-17343 	0
27457 	-12262 	0
29594 	-6640 	0
30430 	-725 	0
29927 	5225 	0
28107 	10947 	0
25053 	16190 	0
20894 	20722 	0
15815 	24345 	0
10038 	26898 	0
3817 	28268 	0
-2573 	28396 	0
-8852 	27273 	0
-14745 	24954 	0
-19991 	21534 	0
-24359 	17166 	0
-27658 	12041 	0
-29741 	6384 	0
-30517 	445 	0
-29948 	-5515 	0
-28066 	-11235 	0
-24947 	-16464 	0
-20729 	-20969 	0
-15599 	-24554 	0
-9780 	-27060 	0
-3529 	-28375 	0
2880 	-28446 	0
9164 	-27264 	0
15047 	-24882 	0
20270 	-21405 	0
24604 	-16985 	0
27857 	-11816 	0
29883 	-6126 	0
30600 	-165 	0
29970 	5806 	0
28020 	11524 	0
24838 	16737 	0
20562 	21215 	0
15379 	24762 	0
9518 	27219 	0
3238 	28483 	0
-3188 	28493 	0
-9475 	27250 	0
-15349 	24808 	0
-20549 	21273 	0
-24847 	16802 	0
-28052 	11589 	0
-30027 	5866 	0
-30681 	-117 	0
-29986 	-6098 	0
-27971 	-11812 	0
-24725 	-17009 	0
-20390 	-21460 	0
-15156 	-24966 	0
-9256 	-27379 	0
-2945 	-28586 	0
3497 	-28537 	0
9788 	-27232 	0
15650 	-24730 	0
20827 	-21138 	0
25086 	-16614 	0
28248 	-11361 	0
30166 	-5604 	0
30759 	401 	0
29998 	6390 	0
27918 	12101 	0
24608 	17281 	0
20214 	21701 	0
14933 	25172 	0
8991 	27534 	0
2651 	28687 	0
-3808 	28578 	0
-10101 	27212 	0
-15952 	24648 	0
-21101 	20998 	0
-25328 	16426 	0
-28440 	11129 	0
-30303 	5340 	0
-30833 	-686 	0
-30007 	-6684 	0
-27861 	-12390 	0
-24487 	-17551 	0
-20038 	-21945 	0
-14705 	-25374 	0
-8722 	-27688 	0
-2355 	-28784 	0
4119 	-28615 	0
10414 	-27188 	0
16251 	-24562 	0
21378 	-20858 	0
25566 	-16234 	0
28630 	-10894 	0
30436 	-5073 	0
30904 	973 	0
30010 	6977 	0
27801 	12678 	0
24365 	17823 	0
19857 	22186 	0
14474 	25574 	0
8452 	27838 	0
2056 	28879 	0
-4432 	28648 	0
-10727 	27160 	0
-16553 	24476 	0
-21653 	20714 	0
-25802 	16039 	0
-28818 	10657 	0
-30567 	4805 	0
-30969 	-1260 	0
-30015 	-7272 	0
-27737 	-12967 	0
-24239 	-18093 	0
-19673 	-22425 	0
-14240 	-25772 	0
-8179 	-27986 	0
-1756 	-28969 	0
4746 	-28681 	0
11041 	-27130 	0
16853 	-24384 	0
21926 	-20566 	0
26036 	-15841 	0
29003 	-10418 	0
30692 	-4535 	0
31036 	1549 	0
30013 	7568 	0
27670 	13256 	0
24108 	18362 	0
19485 	22663 	0
14003 	25968 	0
7903 	28130 	0
1455 	29060 	0
-5061 	28709 	0
-11356 	27096 	0
-17153 	24290 	0
-22199 	20415 	0
-26269 	15640 	0
-29183 	10176 	0
-30819 	4263 	0
-31097 	-1840 	0
-30008 	-7864 	0
-27599 	-13544 	0
-23974 	-18631 	0
-19294 	-22899 	0
-13763 	-26160 	0
-7627 	-28275 	0
-1151 	-29145 	0
5377 	-28734 	0
11670 	-27058 	0
17453 	-24192 	0
22470 	-20261 	0
26498 	-15436 	0
29365 	-9932 	0
30941 	-3989 	0
31155 	2132 	0
30000 	8161 	0
27524 	13833 	0
23837 	18898 	0
19099 	23133 	0
13522 	26354 	0
7347 	28416 	0
846 	29228 	0
-5694 	28755 	0
-11985 	27018 	0
-17750 	24089 	0
-22739 	20103 	0
-26728 	15230 	0
-29543 	9686 	0
-31059 	3713 	0
-31210 	-2425 	0
-29988 	-8458 	0
-27444 	-14120 	0
-23697 	-19165 	0
-18903 	-23368 	0
-13277 	-26544 	0
-7065 	-28554 	0
-540 	-29308 	0
6011 	-28774 	0
12299 	-26972 	0
18050 	-23986 	0
23007 	-19943 	0
26955 	-15021 	0
29718 	-9437 	0
31175 	-3435 	0
31261 	2719 	0
29970 	8755 	0
27364 	14409 	0
23552 	19431 	0
18703 	23600 	0
13029 	26732 	0
6780 	28689 	0
231 	29385 	0
-6330 	28787 	0
-12615 	26926 	0
-18347 	23879 	0
-23275 	19779 	0
-27180 	14809 	0
-29891 	9185 	0
-31288 	3156 	0
-31307 	-3014 	0
-29953 	-9054 	0
-27279 	-14697 	0
-23405 	-19696 	0
-18499 	-23830 	0
-12778 	-26918 	0
-6494 	-28822 	0
79 	-29457 	0
6649 	-28801 	0
12930 	-26876 	0
18644 	-23767 	0
23540 	-19613 	0
27403 	-14594 	0
30061 	-8932 	0
31395 	-2875 	0
31353 	3310 	0
29930 	9352 	0
27190 	14985 	0
23253 	19960 	0
18292 	24059 	0
12525 	27101 	0
6205 	28950 	0
-390 	29530 	0
-6970 	28809 	0
-13246 	26821 	0
-18941 	23653 	0
-23805 	19443 	0
-27623 	14376 	0
-30226 	8675 	0
-31504 	2592 	0
-31394 	-3608 	0
-29904 	-9651 	0
-27098 	-15272 	0
-23099 	-20223 	0
-18081 	-24284 	0
-12269 	-27282 	0
-5914 	-29079 	0
703 	-29598 	0
7291 	-28815 	0
13561 	-26764 	0
19237 	-23535 	0
24066 	-19269 	0
27842 	-14156 	0
30392 	-8418 	0
31607 	-2307 	0
31432 	3907 	0
29874 	9951 	0
27002 	15559 	0
22939 	20484 	0
17870 	24512 	0
12011 	27461 	0
5621 	29204 	0
-1017 	29663 	0
-7613 	28817 	0
-13877 	26703 	0
-19530 	23412 	0
-24329 	19094 	0
-28058 	13933 	0
-30554 	8157 	0
-31707 	2021 	0
-31466 	-4206 	0
-29841 	-10251 	0
-26900 	-15845 	0
-22780 	-20746 	0
-17654 	-24735 	0
-11749 	-27638 	0
-5326 	-29326 	0
1333 	-29724 	0
7936 	-28815 	0
14191 	-26637 	0
19825 	-23290 	0
24589 	-18915 	0
28272 	-13707 	0
30713 	-7895 	0
31804 	-1733 	0
31497 	4507 	0
29801 	10550 	0
26799 	16132 	0
22615 	21006 	0
17434 	24957 	0
11485 	27812 	0
5029 	29445 	0
-1650 	29783 	0
-8259 	28809 	0
-14507 	26571 	0
-20119 	23162 	0
-24847 	18733 	0
-28484 	13479 	0
-30870 	7630 	0
-31898 	1443 	0
-31522 	-4808 	0
-29763 	-10851 	0
-26692 	-16418 	0
-22446 	-21265 	0
-17212 	-25178 	0
-11219 	-27984 	0
-4730 	-29561 	0
1969 	-29836 	0
8583 	-28803 	0
14822 	-26500 	0
20411 	-23031 	0
25104 	-18548 	0
28694 	-13248 	0
31021 	-7363 	0
31989 	-1153 	0
31550 	5111 	0
29716 	11150 	0
26580 	16702 	0
22277 	21523 	0
16986 	25394 	0
10950 	28156 	0
4429 	29672 	0
-2289 	29892 	0
-8907 	28789 	0
-15135 	26424 	0
-20704 	22899 	0
-25357 	18359 	0
-28904 	13015 	0
-31172 	7093 	0
-32079 	860 	0
-31566 	-5414 	0
-29669 	-11451 	0
-26470 	-16989 	0
-22098 	-21777 	0
-16760 	-25614 	0
-10677 	-28319 	0
-4126 	-29787 	0
2610 	-29937 	0
9232 	-28775 	0
15452 	-26350 	0
20991 	-22758 	0
25614 	-18170 	0
29105 	-12777 	0
31325 	-6823 	0
32158 	-565 	0
31582 	5718 	0
29621 	11753 	0
26349 	17271 	0
21923 	22035 	0
16526 	25825 	0
10404 	28488 	0
3820 	29891 	0
-2931 	29983 	0
-9559 	28761 	0
-15765 	26265 	0
-21284 	22621 	0
-25862 	17974 	0
-29312 	12540 	0
-31465 	6549 	0
-32239 	270 	0
-31600 	-6023 	0
-29562 	-12052 	0
-26231 	-17557 	0
-21738 	-22285 	0
-16294 	-26042 	0
-10126 	-28646 	0
-3514 	-29995 	0
3256 	-30030 	0
9883 	-28735 	0
16081 	-26184 	0
21569 	-22473 	0
26116 	-17779 	0
29508 	-12296 	0
31607 	-6274 	0
32322 	27 	0
31605 	6328 	0
29507 	12355 	0
26103 	17837 	0
21556 	22541 	0
16054 	26249 	0
9847 	28806 	0
3206 	30102 	0
-3580 	30065 	0
-10211 	28715 	0
-16393 	26093 	0
-21859 	22329 	0
-26360 	17576 	0
-29706 	12053 	0
-31751 	5997 	0
-32391 	-325 	0
-31616 	-6636 	0
-29441 	-12654 	0
-25978 	-18122 	0
-21365 	-22789 	0
-15814 	-26457 	0
-9567 	-28967 	0
-2895 	-30196 	0
3906 	-30106 	0
10537 	-28682 	0
16708 	-26005 	0
22142 	-22176 	0
26606 	-17374 	0
29906 	-11808 	0
31883 	-5717 	0
32467 	625 	0
31614 	6942 	0
29379 	12957 	0
25843 	18401 	0
21173 	23038 	0
15573 	26668 	0
9282 	29118 	0
2583 	30296 	0
-4233 	30134 	0
-10865 	28655 	0
-17019 	25906 	0
-22427 	22022 	0
-26855 	17170 	0
-30095 	11557 	0
-32021 	5437 	0
-32530 	-926 	0
-31613 	-7249 	0
-29309 	-13257 	0
-25708 	-18681 	0
-20981 	-23289 	0
-15325 	-26868 	0
-8996 	-29274 	0
-2268 	-30385 	0
4560 	-30164 	0
11192 	-28620 	0
17331 	-25809 	0
22714 	-21869 	0
27093 	-16959 	0
30290 	-11307 	0
32146 	-5153 	0
32594 	1228 	0
31613 	7559 	0
29232 	13556 	0
25572 	18963 	0
20780 	23533 	0
15078 	27075 	0
8706 	29420 	0
1953 	30475 	0
-4890 	30195 	0
-11518 	28577 	0
-17645 	25711 	0
-22993 	21705 	0
-27338 	16750 	0
-30473 	11051 	0
-32274 	4868 	0
-32660 	-1532 	0
-31600 	-7867 	0
-29159 	-13859 	0
-25426 	-19240 	0
-20581 	-23781 	0
-14824 	-27271 	0
-8416 	-29566 	0
-1635 	-30566 	0
5219 	-30213 	0
11848 	-28540 	0
17954 	-25602 	0
23278 	-21545 	0
27572 	-16533 	0
30659 	-10795 	0
32402 	-4581 	0
32712 	1837 	0
31593 	8177 	0
29074 	14157 	0
25284 	19521 	0
20373 	24021 	0
14569 	27469 	0
8124 	29715 	0
1316 	30646 	0
-5551 	30237 	0
-12174 	28490 	0
-18268 	25498 	0
-23554 	21375 	0
-27809 	16316 	0
-30846 	10538 	0
-32519 	4292 	0
-32771 	-2144 	0
-31572 	-8486 	0
-28994 	-14460 	0
-25131 	-19795 	0
-20166 	-24263 	0
-14314 	-27669 	0
-7827 	-29852 	0
-995 	-30731 	0
5882 	-30249 	0
12504 	-28446 	0
18575 	-25382 	0
23832 	-21206 	0
28047 	-16098 	0
31022 	-10275 	0
32642 	-4002 	0
32817 	2451 	0
31558 	8798 	0
28901 	14757 	0
24978 	20071 	0
19957 	24507 	0
14051 	27859 	0
7530 	29995 	0
673 	30804 	0
-6216 	30267 	0
-12831 	28390 	0
-18884 	25268 	0
-24113 	21036 	0
-28276 	15872 	0
-31204 	10013 	0
-32752 	3709 	0
-32869 	-2759 	0
-31530 	-9107 	0
-28810 	-15057 	0
-24825 	-20349 	0
-19740 	-24742 	0
-13790 	-28055 	0
-7229 	-30127 	0
-349 	-30883 	0
6548 	-30272 	0
13159 	-28334 	0
19196 	-25153 	0
24385 	-20857 	0
28510 	-15649 	0
31374 	-9746 	0
32868 	-3415 	0
32907 	3069 	0
31504 	9418 	0
28719 	15358 	0
24661 	20620 	0
19525 	24982 	0
13522 	28240 	0
6927 	30265 	0
24 	30950 	0
-6882 	30279 	0
-13489 	28279 	0
-19501 	25027 	0
-24663 	20681 	0
-28734 	15418 	0
-31551 	9479 	0
-32972 	3119 	0
-32947 	-3379 	0
-31479 	-9731 	0
-28616 	-15655 	0
-24501 	-20896 	0
-19301 	-25214 	0
-13256 	-28431 	0
-6622 	-30391 	0
303 	-31018 	0
7218 	-30286 	0
13815 	-28213 	0
19811 	-24906 	0
24932 	-20496 	0
28964 	-15188 	0
31716 	-9207 	0
33077 	-2822 	0
32989 	3691 	0
31440 	10042 	0
28517 	15956 	0
24331 	21165 	0
19077 	25447 	0
12985 	28616 	0
6316 	30518 	0
-631 	31088 	0
-7553 	30281 	0
-14146 	28151 	0
-20115 	24774 	0
-25202 	20311 	0
-29188 	14954 	0
-31882 	8935 	0
-33184 	2523 	0
-33017 	-4003 	0
-31407 	-10355 	0
-28407 	-16251 	0
-24160 	-21436 	0
-18853 	-25682 	0
-12709 	-28794 	0
-6008 	-30647 	0
961 	-31145 	0
7890 	-30282 	0
14472 	-28078 	0
20420 	-24642 	0
25475 	-20125 	0
29405 	-14715 	0
32050 	-8661 	0
33278 	-2222 	0
33051 	4317 	0
31361 	10666 	0
28297 	16549 	0
23990 	21708 	0
18620 	25908 	0
12434 	28978 	0
5696 	30765 	0
-1292 	31208 	0
-8226 	30270 	0
-14799 	28005 	0
-20727 	24511 	0
-25739 	19930 	0
-29628 	14478 	0
-32206 	8383 	0
-33378 	1919 	0
-33072 	-4631 	0
-31317 	-10978 	0
-28187 	-16848 	0
-23809 	-21973 	0
-18389 	-26140 	0
-12153 	-29151 	0
-5385 	-30888 	0
1624 	-31259 	0
8563 	-30260 	0
15129 	-27933 	0
21028 	-24369 	0
26009 	-19739 	0
29841 	-14233 	0
32369 	-8105 	0
33465 	-1615 	0
33095 	4946 	0
31273 	11293 	0
28066 	17142 	0
23632 	22244 	0
18150 	26362 	0
11873 	29330 	0
5069 	31000 	0
-1958 	31311 	0
-8902 	30250 	0
-15454 	27849 	0
-21333 	24230 	0
-26270 	19538 	0
-30059 	13990 	0
-32519 	7822 	0
-33554 	1310 	0
-33118 	-5262 	0
-31216 	-11604 	0
-27949 	-17440 	0
-23444 	-22506 	0
-17913 	-26590 	0
-11587 	-29498 	0
-4753 	-31113 	0
2293 	-31365 	0
9239 	-30228 	0
15784 	-27770 	0
21632 	-24082 	0
26536 	-19340 	0
30267 	-13741 	0
32671 	-7539 	0
33644 	-1003 	0
33128 	5579 	0
31164 	11919 	0
27820 	17733 	0
23259 	22774 	0
17667 	26808 	0
11301 	29668 	0
4435 	31228 	0
-2629 	31406 	0
-9580 	30211 	0
-16109 	27679 	0
-21935 	23937 	0
-26793 	19133 	0
-30476 	13491 	0
-32825 	7254 	0
-33722 	695 	0
-33145 	-5897 	0
-31100 	-12230 	0
-27696 	-18030 	0
-23065 	-23034 	0
-17422 	-27028 	0
-11013 	-29839 	0
-4114 	-31330 	0
2966 	-31453 	0
9918 	-30183 	0
16437 	-27593 	0
22231 	-23781 	0
27051 	-18927 	0
30688 	-13240 	0
32966 	-6966 	0
33805 	-385 	0
33148 	6215 	0
31041 	12545 	0
27560 	18321 	0
22871 	23295 	0
17176 	27250 	0
10719 	30000 	0
3792 	31439 	0
-3304 	31487 	0
-10259 	30159 	0
-16761 	27496 	0
-22529 	23627 	0
-27312 	18720 	0
-30888 	12983 	0
-33114 	6677 	0
-33876 	74 	0
-33157 	-6535 	0
-30970 	-12856 	0
-27425 	-18614 	0
-22676 	-23559 	0
-16922 	-27462 	0
-10427 	-30166 	0
-3468 	-31535 	0
3643 	-31523 	0
10598 	-30128 	0
17086 	-27399 	0
22829 	-23472 	0
27563 	-18504 	0
31094 	-12727 	0
33249 	-6384 	0
33947 	238 	0
33157 	6854 	0
30899 	13168 	0
27290 	18909 	0
22471 	23814 	0
16670 	27679 	0
10128 	30321 	0
3143 	31633 	0
-3985 	31560 	0
-10937 	30089 	0
-17414 	27302 	0
-23122 	23307 	0
-27820 	18291 	0
-31289 	12465 	0
-33386 	6091 	0
-34021 	-552 	0
-33149 	-7174 	0
-30829 	-13483 	0
-27143 	-19197 	0
-22270 	-24074 	0
-16410 	-27887 	0
-9830 	-30477 	0
-2815 	-31733 	0
4326 	-31584 	0
11279 	-30055 	0
17736 	-27194 	0
23419 	-23145 	0
28067 	-18070 	0
31485 	-12202 	0
33525 	-5796 	0
34081 	868 	0
33147 	7496 	0
30746 	13794 	0
27000 	19491 	0
22059 	24326 	0
16150 	28096 	0
9530 	30636 	0
2486 	31820 	0
-4669 	31614 	0
-11619 	30008 	0
-18063 	27091 	0
-23709 	22973 	0
-28316 	17848 	0
-31684 	11938 	0
-33650 	5498 	0
-34147 	-1184 	0
-33132 	-7816 	0
-30668 	-14108 	0
-26847 	-19777 	0
-21848 	-24580 	0
-15889 	-28307 	0
-9224 	-30783 	0
-2155 	-31913 	0
5012 	-31632 	0
11961 	-29967 	0
18383 	-26976 	0
24000 	-22802 	0
28567 	-17626 	0
31871 	-11669 	0
33783 	-5200 	0
34200 	1502 	0
33122 	8139 	0
30578 	14418 	0
26693 	20065 	0
21636 	24836 	0
15620 	28508 	0
8919 	30936 	0
1822 	31994 	0
-5357 	31655 	0
-12301 	29914 	0
-18706 	26862 	0
-24294 	22631 	0
-28808 	17396 	0
-32064 	11400 	0
-33902 	4898 	0
-34259 	-1821 	0
-33099 	-8460 	0
-30489 	-14729 	0
-26540 	-20356 	0
-21415 	-25083 	0
-15353 	-28715 	0
-8610 	-31077 	0
-1488 	-32081 	0
5701 	-31666 	0
12641 	-29862 	0
19030 	-26748 	0
24579 	-22450 	0
29055 	-17168 	0
32245 	-11126 	0
34028 	-4595 	0
34305 	2140 	0
33078 	8783 	0
30400 	15043 	0
26375 	20639 	0
21197 	25335 	0
15079 	28911 	0
8300 	31224 	0
1152 	32156 	0
-6047 	31678 	0
-12984 	29811 	0
-19349 	26623 	0
-24869 	22272 	0
-29291 	16933 	0
-32433 	10853 	0
-34141 	4290 	0
-34352 	-2461 	0
-33057 	-9107 	0
-30298 	-15352 	0
-26215 	-20928 	0
-20969 	-25579 	0
-14806 	-29113 	0
-7986 	-31360 	0
-815 	-32232 	0
6395 	-31691 	0
13323 	-29747 	0
19672 	-26503 	0
25151 	-22084 	0
29533 	-16699 	0
32609 	-10574 	0
34255 	-3984 	0
34401 	2783 	0
33023 	9429 	0
30202 	15665 	0
26043 	21209 	0
20745 	25828 	0
14527 	29304 	0
7672 	31497 	0
477 	32309 	0
-6741 	31691 	0
-13667 	29688 	0
-19989 	26371 	0
-25435 	21897 	0
-29769 	16461 	0
-32786 	10294 	0
-34371 	3676 	0
-34436 	-3106 	0
-32995 	-9755 	0
-30093 	-15973 	0
-25872 	-21492 	0
-20514 	-26071 	0
-14247 	-29497 	0
-7355 	-31635 	0
-136 	-32374 	0
7090 	-31697 	0
14006 	-29618 	0
20307 	-26239 	0
25721 	-21709 	0
29998 	-16217 	0
32966 	-10014 	0
34474 	-3366 	0
34477 	3431 	0
32953 	10077 	0
29985 	16283 	0
25700 	21777 	0
20277 	26309 	0
13966 	29692 	0
7035 	31762 	0
-205 	32445 	0
-7438 	31691 	0
-14346 	29548 	0
-20628 	26108 	0
-25998 	21512 	0
-30234 	15974 	0
-33133 	9728 	0
-34584 	3055 	0
-34505 	-3755 	0
-32913 	-10401 	0
-29877 	-16594 	0
-25518 	-22055 	0
-20043 	-26553 	0
-13678 	-29876 	0
-6715 	-31895 	0
548 	-32503 	0
7787 	-31686 	0
14689 	-29479 	0
20942 	-25966 	0
26281 	-21318 	0
30459 	-15725 	0
33306 	-9443 	0
34680 	-2742 	0
34534 	4081 	0
32873 	10727 	0
29757 	16901 	0
25340 	22337 	0
19799 	26786 	0
13392 	30066 	0
6390 	32016 	0
-892 	32562 	0
-8139 	31681 	0
-15027 	29397 	0
-21261 	25828 	0
-26555 	21115 	0
-30690 	15477 	0
-33467 	9153 	0
-34778 	2427 	0
-34564 	-4408 	0
-32820 	-11050 	0
-29642 	-17211 	0
-25150 	-22612 	0
-19558 	-27026 	0
-13099 	-30245 	0
-6065 	-32138 	0
1238 	-32623 	0
8488 	-31664 	0
15369 	-29321 	0
21572 	-25679 	0
26834 	-20914 	0
30909 	-15222 	0
33630 	-8863 	0
34877 	-2111 	0
34581 	4735 	0
32773 	11377 	0
29514 	17516 	0
24965 	22892 	0
19309 	27256 	0
12806 	30425 	0
5739 	32262 	0
-1585 	32671 	0
-8841 	31653 	0
-15707 	29233 	0
-21889 	25535 	0
-27104 	20705 	0
-31131 	14968 	0
-33794 	8571 	0
-34963 	1793 	0
-34604 	-5064 	0
-32713 	-11700 	0
-29392 	-17826 	0
-24768 	-23164 	0
-19059 	-27488 	0
-12512 	-30608 	0
-5408 	-32374 	0
1933 	-32726 	0
9191 	-31629 	0
16049 	-29149 	0
22198 	-25379 	0
27375 	-20496 	0
31354 	-14712 	0
33946 	-8275 	0
35055 	-1474 	0
34613 	5393 	0
32658 	12026 	0
29257 	18129 	0
24573 	23438 	0
18809 	27721 	0
12211 	30779 	0
5078 	32492 	0
-2282 	32767 	0
-9544 	31610 	0
-16386 	29054 	0
-22509 	25224 	0
-27649 	20286 	0
-31566 	14449 	0
-34105 	7979 	0
-35134 	1153 	0
-34627 	-5728 	0
-32583 	-12360 	0
-29098 	-18455 	0
-24316 	-23745 	0
-18422 	-27977 	0
-11680 	-30959 	0
-4376 	-32516 	0
3154 	-32563 	0
10548 	-31040 	0
17425 	-28000 	0
23413 	-23563 	0
28149 	-17928 	0
31345 	-11407 	0
32767 	-4367 	0
32319 	2751 	0
30022 	9489 	0
26027 	15392 	0
20654 	20067 	0
14308 	23204 	0
7507 	24636 	0
779 	24330 	0
-5351 	22427 	0
-10441 	19201 	0
-14168 	15027 	0
-16366 	10364 	-411
-17028 	5663 	-1622
-16309 	1345 	-3574
-14477 	-2269 	-6169
-11890 	-4963 	-9275
-8925 	-6657 	-12738
-5935 	-7390 	-16383
-3221 	-7298 	-20029
-985 	-6582 	-23492
662 	-5474 	-26598
1708 	-4193 	-29193
2212 	-2931 	-31145
2285 	-1824 	-32356
2063 	-949 	-32767
1677 	-332 	-32356
1241 	46 	-31145
834 	230 	-29193
505 	279 	-26598
269 	249 	-23492
120 	185 	-20029
39 	118 	-16383
4 	65 	-12738
-6 	30 	-9275
-6 	11 	-6169
-3 	3 	-3574
-1 	1 	-1622
0 	0 	0
