0
0
15000
15000
30000
30000
45000
45000
60000
60000
75000
75000
90000
90000
105000
105000
120000
120000
135000
135000
150000
150000
165000
165000
180000
180000
195000
195000
210000
210000
225000
225000
240000
240000
255000
255000
270000
270000
285000
285000
300000
300000
315000
315000
330000
330000
345000
345000
360000
360000
375000
375000
390000
390000
405000
405000
420000
420000
435000
435000
450000
450000
465000
465000
480000
480000
495000
495000
510000
510000
525000
525000
540000
540000
555000
555000
570000
570000
585000
585000
600000
600000
615000
615000
630000
630000
645000
645000
660000
660000
675000
675000
690000
690000
705000
705000
720000
720000
735000
735000
